image: levine_loop2.pgm
resolution: 0.050000
origin: [-13.466835, -20.551682, 0.000000]
negate: 0
occupied_thresh: 0.65
free_thresh: 0.196

